0.925932534841835
0.661134896387208
0.479187657214016
0.66373959559136
0.444571325463758
0.421988796450007
0.237408337985629
0.802299163302809
0.169825055370758
0.472861179192137
1.00904557080391
warning
1.09505972970621
Error
1.01813723429613
warning
0.596909390642706
0.310856414271025
0.627052350322018
0.298714697399644
0.727757751440126
0.614741536253763
0.227612308982778
0.227274473993461
0.431822959758758
0.771626930816654
0.211523229865055
0.960858476757353
0.171630468840652
0.34671223942361
0.814233512068761
0.715273566642082
0.74999545344359
0.366970280862178
0.234327226140611
0.372627863478821
0.415469857324254
1.04076638787468
warning
0.903225969238135
0.378776930491383
0.416419217854873
0.602916694745237
0.156371780977435
0.776199256196049
0.530251212773021
1.04444896284063
warning
0.836874544151362
0.659760383321259
0.388621386637514
0.95623271408643
0.0814683021952682
0.534807685136262
0.28402700955846
1.04940970932747
warning
0.258965087264775
0.438809258694047
0.660391716936501
0.536521003224066
0.947265137824162
0.459994285719433
0.98455319503517
0.387170273521773
0.470109261475073
1.08578959895819
warning
0.808692931971017
0.10619970395335
0.897560536133128
0.287836678497369
0.299577665888765
0.664336740437034
0.752784009334859
1.03251098262077
warning
0.830090850443283
0.408187383374706
0.924847520179055
0.190584984926523
0.545180940986484
1.05383166847764
warning
0.655474699925161
0.0373486374561818
0.0884908018055441
0.465084468405913
0.844110574336813
0.0264348022167479
0.76019576412892
0.321122061350315
0.17716646222087
0.214038584467979
0.790791045158655
0.79948190426275
0.665437009021515
0.293352054248153
0.721744088851318
0.448697061502654
0.029658680535038
0.595980651571295
1.06126312830569
warning
0.382742617962835
0.373923838563835
0.662923229298273
0.903316616172859
0.428201493018435
0.675783096377975
0.403380289612826
0.499043342234013
0.849191211657341
1.00065397594936
warning
0.827138109071724
0.132581774942389
0.617658725649412
0.346586429817068
0.473431217095685
0.576068645049286
0.314112154345283
1.07818351688287
warning
0.0948206872745328
0.87124775317902
0.211118675413269
0.929893902173281
0.603487013726268
0.865114648134762
0.707296584275064
0.218024854388546
0.825107569725339
0.913812907556036
0.339844100937424
0.296400510640256
0.943790876650331
0.579292476059412
0.779092678087956
0.726028333906934
0.182931741745646
0.885926596926552
1.01780069847837
warning
0.187542374161958
0.559828846995461
0.0554355305082325
0.953004386508222
0.484358127599757
0.545903182321309
0.0163442045393595
0.559743842296232
1.03188093865481
warning
0.864742908087134
0.424256407258228
0.287848180134548
0.17592597532337
0.783286398277458
0.559096832343388
0.837597160814261
0.183588298410231
0.899486450455546
0.879978433973476
0.373317292637482
0.808689408481872
0.46595854545903
0.354507869529238
0.700095482742896
0.787852359263564
0.112525692500395
0.491345515342719
0.815517792417576
0.713139041720795
0.551290397659106
0.439075356206197
0.0618170310981331
0.0736260378652581
0.0618867394308179
0.0844881908329356
0.373630657528894
0.336592486172305
0.91882601778724
0.0450007818632116
1.07075708679386
warning
0.254125160140313
0.730219056847659
0.176073029082299
0.0853188724225976
0.342580406712856
0.311445579519964
0.47028167701221
0.288497687237879
0.679835190771879
0.108292229085256
1.04248670170599
warning
0.366838408815288
0.842653214444227
1.06237938142566
warning
0.749797075162252
0.463805269111211
1.03751739429497
warning
0.963963966179943
1.07750529803829
warning
0.794026796736786
0.0413548543588924
0.660999689305963
0.21670164102292
0.24914050826053
0.521810497136234
0.772153417082441
0.316973661084383
0.662432835562048
0.862903116900652
0.529750636245968
0.511705979585395
0.300091953383251
0.723504388685659
0.736724940481338
0.0944687437052991
0.0888158385818958
0.450283870881461
0.050885003615279
0.47545735947966
0.910147393935057
0.480417868236267
0.987433578354839
0.0367452028094945
1.05208264841726
warning
0.584009583965406
0.794860300012233
0.546246802756258
0.567494246439529
0.423042913377611
1.08420457111798
warning
0.311960668074413
0.979445504331592
0.558710465680745
0.962305148893408
0.681655211991054
0.176692587129549
0.117723414179093
1.00701534698246
warning
0.407252340471537
0.0631736862462152
0.581019536670971
0.25840058938062
0.728512924361428
0.56609180260019
0.265116786249006
0.152519511896389
0.735185794618342
0.744776704013164
0.311880896645827
0.172329488487604
1.08068380109234
warning
0.801764173902763
0.85104234450525
0.698298460180919
0.650921077730585
0.126796644250344
0.870453432243199
0.435130856758549
0.588696679420724
0.150506053259713
0.37055078824365
0.732247319731226
1.00364041669838
warning
0.767602130793604
0.545200174762849
0.9768544530607
0.219133732976584
0.378109636330055
0.654154616839823
0.878098039398801
0.646856063559501
1.08166619857045
warning
0.420546486482903
0.19834465802319
0.904947005229337
0.734635676705031
0.91763976417053
0.578453519922357
0.292666028393289
0.00677522445007135
0.524658223020041
0.814291189364301
0.580511099397731
0.765819833063683
0.433734208590439
0.523952783524495
0.214849667408727
1.01045590237438
warning
0.835433987944328
0.412367826099348
0.157231726971844
0.0990226831680193
0.685139784050255
0.841308271041345
0.684894312749985
0.590622093824722
0.247723564609621
0.408338902371353
0.26691653574558
0.883285782627479
0.70403888669214
0.573952449202332
0.963618349292956
0.580033228429021
0.605077578910488
0.858946925396721
0.180876357008094
0.61608349011236
0.333168240008364
0.00690200442729712
0.269005362456191
0.390620773263921
0.63400141542658
0.523203265768084
0.602861730292599
0.864262624445911
0.457907350399133
0.00219399325812581
0.498188199799678
0.732079133156735
0.687729378165387
0.238387462106523
0.433451282830976
0.183439362754783
0.457559753715514
0.42286941329209
1.0982210079349
Error
0.509332188041823
0.50995305586433
1.09961927580533
Error
0.412395259612632
0.758775132607503
0.507110622123414
0.931975752234089
0.956351525019598
0.345576517176095
0.666730820563107
0.401301225357498
0.163679218696052
0.330580594820683
0.128224769374537
0.858431166434968
0.215955127860722
0.891567203768337
0.566973356907241
0.215037923509201
0.795709625171466
0.330599157362639
0.640104561320262
0.223839034033116
0.219116351398931
0.767651957327046
0.198443088393777
0.841822134231297
0.546034795923077
0.239098804534106
0.797057707254378
0.523462721566517
0.431042817098147
0.442774134781452
0.547123335520039
0.486336060251203
0.506401366089293
0.179053369355745
0.0202303764206157
0.250566496672448
0.415070725513574
0.184255085180427
0.943106009546416
0.558149965637234
0.219708166869384
0.69172172084212
0.935941552770907
0.646199613242015
0.799970287061619
0.713631086523954
0.385814614334087
0.00840883167762563
0.805556123075027
0.287835681591838
0.62241000981032
0.346246689146707
0.41358368376515
0.677159987031864
0.0454222974686452
0.461281338046417
1.04560449757515
warning
0.440384834873547
0.0403957561145994
0.984188590404159
0.748527373497539
0.384827506904505
0.91574266063054
0.197004054998392
0.443830528532513
0.0786387241374545
0.581383270856249
1.09151412940031
Error
0.876764766998925
0.488773000380046
0.606664007923286
0.887787326085255
0.470051224080521
0.758574291632087
0.109414317425102
1.01809397853516
warning
0.340304526688117
1.0610193216431
warning
0.0113656796203749
0.479157914635242
0.197702797838596
1.02227874655595
warning
0.899533591979306
1.07207429440926
warning
0.115103955043607
0.391231281889366
1.06509808754182
warning
0.047497080988337
1.05888494741466
warning
0.118175396923803
0.687040932512667
0.452968641418221
0.3744561590771
0.0579420286009185
0.128226037021293
0.649591351229303
0.361063896793078
1.03507232307719
warning
0.837349282774292
0.122622897372301
1.06671389617301
warning
0.531276521836945
0.476527889174742
0.61194683191069
0.940589842256588
0.806061114518989
0.326228074126458
0.526598917508386
0.770152225317388
0.0416661260944995
0.566411085931501
0.0864265190080328
0.168321160240541
0.963195235501582
0.484567157176658
0.243268827011454
0.495096306489621
0.697388180044031
0.861747529038758
0.0244536430994071
0.672159454267995
0.0706549285484048
0.0105268837697444
0.199532905912764
0.370139909740509
0.753979250194358
0.862450273000363
0.894582686511539
0.700186236864047
0.832757908838517
0.685045408676128
0.0505701239819384
1.07535441422998
warning
0.730660618291767
0.162705960660896
0.887673301924657
0.716353761097844
0.2637024461339
1.04415474906195
warning
0.276401476980129
0.47083729624798
1.03287939600793
warning
0.188945398895934
0.32021095567827
0.99831923515072
0.118331774679172
0.663412608577195
0.900292369391454
0.413773323991997
0.275908504221336
0.424177640619462
1.05950171277006
warning
0.294023372058899
0.117486115253397
0.0959874416476104
0.183141382499894
0.361380895624539
0.0121635979469051
1.01623090806936
warning
0.954527174290085
0.490000945529189
0.0576609373036835
0.576539702306493
0.19399886042884
0.420690175884143
0.644484861718489
1.09273666108189
Error
0.363179171782452
0.950172741476115
1.07271743284026
warning
0.858022690652148
0.999729840510463
0.929048905273253
0.959096443978941
0.265361082816154
0.420402416776697
0.199005013678922
0.815293517522702
1.08788187876705
warning
0.456581948102118
0.431575974596457
0.835296142782436
0.39983122413944
0.592456897481004
0.847434270706896
0.14734101811703
0.453862066684592
0.0230399697169499
0.763482076372496
0.584142798863742
0.956721016634365
0.610070408379492
0.993841940011421
0.872867049253319
0.0377371877394033
0.346844912085899
0.446250963393489
0.935498695879118
0.57075533293882
1.06768519222574
warning
0.175625173833237
0.51148492616355
0.307758051387122
0.909426448518286
0.267124063454814
0.831749111373525
0.63355824187959
0.917311267674721
0.699546780323303
0.79878230382937
0.857468780329608
0.0382437476781742
0.431155418029086
1.09736100577886
Error
0.776314574610627
1.0736826095454
warning
0.941058982025737
0.808791576719446
0.159773167531505
1.02165077364369
warning
0.954303131407652
0.136157680497844
0.0147318867168885
0.682470942456068
0.974182422621246
0.624999917046114
0.3507376474641
0.881898239866476
0.604597735583066
1.06277607987837
warning
0.518982869994699
0.985245502324723
0.0742835615794888
0.439363673220996
0.187598044662411
0.379755493398511
0.596377094895961
0.60123825563281
0.805976236369558
0.0436757139765955
1.02623031511882
warning
0.133694193939283
0.739792731431449
0.438981699503412
0.199901693219762
1.08190835600718
warning
0.120347065162333
0.761157326851055
0.36991752062184
1.09455948707237
Error
0.17057529528759
0.990496790519472
0.545363365206684
0.738321345754664
0.373975573664789
0.762601144550062
0.624040520405188
0.631498466298513
0.949865285470982
0.744598736591584
0.176374751868441
0.947459506718359
0.651636239735371
0.262557077720363
0.247256879492034
0.508871882151241
0.306476076614944
0.80494478963925
0.0434759795151123
0.871017612577744
0.0625471738761952
0.0681548435116138
1.02351297078568
warning
0.464076377915143
0.47971435640828
0.640260445677867
0.2230192798256
0.74103751506372
0.424132607002174
0.626526228602615
0.595323879792721
1.06912545454879
warning
0.866576212836451
0.0288609643604612
1.00099148757312
warning
0.191007722696817
0.205229328863218
0.536432426537855
0.415181799794235
0.998753472564397
1.08137026533755
warning
0.487066378357079
0.474908571279134
0.563113396853293
0.831260880830457
0.700753553866538
0.141029807113353
0.0962261625440394
0.349578752958984
0.385462018939006
0.799865570819252
1.02378703371379
warning
0.263571275507403
1.00030604332629
warning
0.566874624877752
0.477943459721934
0.54712296135087
0.546702677885011
1.03714953475438
warning
0.0930499443992449
0.509152984377011
0.420137206063744
0.554123702425437
0.389697821812641
0.869929839181992
0.205179619576796
0.455522268910748
0.938349489348777
0.795421903445558
0.857004848634146
0.913118656252269
0.721103533014776
0.676802123314328
0.992365750900845
0.386353926482055
0.200686866744148
1.05748497559429
warning
0.181183424272241
0.977598837149685
0.700239840869947
0.0910747608220611
0.592025350323854
0.74423768867736
0.909795098535593
0.93251411709978
0.917046791676556
0.617465506931043
0.22795311640661
0.0733958846909978
0.786720851258937
0.594540003688009
0.305966701373625
0.537383064533891
0.945061248299312
0.447228826895019
0.870540571748521
0.989201068784353
0.791170268589786
0.978540070497103
0.818845373501553
0.72164172700436
0.712881098884138
0.80890657892451
0.310690413117471
0.990055056410827
0.639004950969982
0.0953864728049396
0.858085872413368
0.738195597446867
0.17517261374377
0.538905258869465
0.559580650910002
0.608015625580912
0.757348435264634
1.08804808709386
warning
0.0472511018317011
0.358725745429562
0.160600825019933
0.568550900612101
0.557941132277785
0.326529722787378
0.128383273251549
0.0877606076059138
0.78065527031054
0.579927882680978
0.990097202917589
0.857448707962914
0.440660705391341
0.640102465895853
0.598693794449099
0.238169249756855
0.303076827517386
0.720066961302278
0.543084847655727
0.31773729028595
0.908173768316806
0.048085085481457
0.255668862687994
0.346442412259792
0.904354727999543
1.09313673337476
Error
0.487771426626911
0.0555650165017596
0.738387799185418
0.445408342697419
0.045619777794138
0.894080296982035
0.384846415989223
1.07008166942356
warning
0.057928680007738
0.133752720866468
0.385315808085415
1.07494343051161
warning
0.960514567499749
0.0849667043085233
0.483565768552164
0.393081601948496
0.471760911812426
1.04661871267542
warning
1.04485499485603
warning
0.49240283389692
0.269351008449945
0.0124114405352756
0.36853407813443
1.09981742898301
Error
0.348523477131691
0.594328760789793
0.424305240713295
1.06529909331148
warning
1.01618680892198
warning
1.09050499256632
Error
0.568466999312101
0.239929181392069
0.485485870049127
0.649895442634704
0.130248405387269
0.482459884554543
0.749716479624294
1.0180563439375
warning
1.07638522829853
warning
0.425545726370084
0.0116426104772568
0.827087966067117
0.0893117452004905
0.289953296834093
0.289030512692622
0.725709024940683
0.779076527513853
0.951808348349665
0.435258721905445
0.282025291262113
0.238116111267235
0.893007659632036
0.666813582750268
0.198529708371665
0.361551551271443
1.05172841728223
warning
0.849895185801874
0.815112098515888
0.462361930743328
0.271615737702941
0.224734577649806
0.0674378811753584
0.502725772385996
0.212512323001369
0.757993352161749
0.883238866613942
0.830533317806178
0.449993582292267
0.266152360263356
0.423294341011608
0.117524653257938
0.977654823129914
0.112405879443939
0.984804045162886
0.555103004794723
1.03691979541
warning
0.898507256438628
1.0272904855151
warning
0.41144904873883
0.590644920741637
0.464445370888229
0.542128023034314
0.0233981276889754
1.01521143274567
warning
0.12188935798793
0.870479580772791
0.796352671832473
0.402046356738536
0.542080467955377
0.0772153138191726
0.371439243858857
0.904198239560608
0.94127082332732
0.673865414292341
0.470773297036395
0.062007770654629
0.263842755382155
0.357583097941063
0.227092303762001
0.84903738264353
0.897760452133093
0.818412956484899
0.0946242198783995
0.454925552347201
1.02281642609358
warning
0.279010979826919
0.623775642020229
0.80506631016519
0.328984904132787
0.0516698734357661
0.786392334952875
0.602025375786435
0.650766247964505
0.151578537283496
0.482741397054364
0.384121840018207
0.980322025897902
0.834386952486328
0.641204038511548
1.06104637490438
warning
0.195017968172742
0.264243958978105
0.980603112207087
0.0128590459779069
0.797207843255515
1.0665997209007
warning
0.910210005413363
0.890004890214159
0.510138884635968
0.0214787846720355
0.0593086150335214
0.920583979770162
0.634109870685972
0.36808275664054
0.995704733988187
0.414182683660423
0.582774907774522
1.0731104816051
warning
0.0981596151892237
0.125969735882139
0.0180054828238635
0.482912409021425
0.102236596119012
1.04202748791189
warning
0.971184029592332
0.895536309179732
0.751756805095275
0.0282558347019112
0.703325186929447
0.932072865774295
0.641678973597358
1.01657172505699
warning
1.05106471081814
warning
0.528858642843105
0.963901591310162
0.329136368322863
0.151316728947725
0.251614721785332
0.219822905556554
0.264268198413544
0.816211290599234
0.830253646815652
1.09551292828813
Error
0.916522822098829
0.659657059522351
0.126824423537759
0.433516515537584
0.0128095299133214
0.886337116989817
0.569021904064491
0.0545200699537023
0.230722953785899
1.05788528008156
warning
0.86518718202898
1.0807163304922
warning
0.493541084272579
0.825089690226293
0.563281330670139
0.187469398272041
0.507307580856837
1.07085078286331
warning
0.542625165686489
0.03103044777795
0.122495089909362
0.568840704531571
0.442149420484989
0.686235831744853
0.449042595324035
0.435866892496815
0.808567003556011
0.421423349949895
0.766866635318588
0.611267467940617
0.210523584731959
0.478756660511519
0.421743994156963
0.439631410507661
0.645853847785286
0.730717010903569
0.750920188365834
1.08005077338944
warning
0.696205069941775
1.01010799848513
warning
0.195769182130024
0.318221557863702
0.151311463176945
0.947362780674
0.336858254710763
0.380197888059679
0.0711236563773071
0.279521386703133
0.666088272686778
0.83759190442891
1.03201703033393
warning
0.377673379945408
0.632101760321118
0.563557921721023
0.259807057843412
0.880090425822244
0.179484581156455
0.942999967942367
0.000863567670849363
0.846294179076277
0.224724711788242
0.51603042856358
0.0790006625307001
1.09094465943736
Error
0.977413973408704
0.733655258889598
0.302974096314783
0.317157780194505
0.733453656905036
0.632776690762453
1.09247997329169
Error
0.596570273654135
0.727408201782506
0.683633641383423
0.811841890668883
0.511505764667304
0.877685436717321
0.977426725766675
0.41460982449774
0.154734522094853
0.964637828875203
0.991719973921516
0.200772376162284
0.619776312000547
0.826394689009508
0.793833653054689
1.0550911713753
warning
0.0031231292674196
0.698355808527563
0.101338087637864
0.621276454459719
0.196246239972242
0.472595531935549
0.558360649848579
0.56559796646975
0.485327268977014
0.355423262090834
0.787098253415308
0.305514255154291
0.789280859554829
1.00218982525608
warning
0.426994319029221
1.02664335663545
warning
0.0892190582101822
0.834974456811718
0.756738382976354
0.054712531716838
0.995884881930981
0.882577375392692
0.744761886244551
1.00002615270029
warning
0.525031850671022
0.934508461921194
0.0663563028194457
0.279678138225323
0.336962458657594
0.987321419260318
0.544988236953138
0.868595242703285
0.726613957899156
0.0783004267631462
0.692826533617884
0.323104242147697
0.929284279782666
1.09845569058858
Error
0.472862397895245
